name: sensitivity
channels:
  - defaults
  - conda-forge
dependencies:
  - astor=0.8.1=pyh9f0ad1d_0
  - attrs=23.2.0=pyh71513ae_0
  - bandit=1.7.8=py312h2e8e312_0
  - bzip2=1.0.8=hcfcfb64_5
  - ca-certificates=2024.6.2=h56e8100_0
  - colorama=0.4.6=pyhd8ed1ab_0
  - darglint=1.8.1=pyhd8ed1ab_0
  - docutils=0.21.2=pyhd8ed1ab_0
  - eradicate=2.3.0=pyhd8ed1ab_0
  - flake8=7.1.0=pyhd8ed1ab_0
  - flake8-bandit=4.1.1=pyhd8ed1ab_0
  - flake8-broken-line=1.0.0=pyhd8ed1ab_0
  - flake8-bugbear=24.4.26=pyhd8ed1ab_0
  - flake8-commas=2.1.0=pyhd8ed1ab_0
  - flake8-comprehensions=3.14.0=pyhd8ed1ab_0
  - flake8-debugger=4.1.2=pyhd8ed1ab_0
  - flake8-docstrings=1.7.0=pyhd8ed1ab_0
  - flake8-eradicate=1.5.0=pyhd8ed1ab_0
  - flake8-isort=6.1.1=pyhd8ed1ab_0
  - flake8-quotes=3.4.0=pyhd8ed1ab_0
  - flake8-rst-docstrings=0.3.0=pyhd8ed1ab_0
  - flake8-string-format=0.3.0=pyhd8ed1ab_0
  - gitdb=4.0.11=pyhd8ed1ab_0
  - gitpython=3.1.43=pyhd8ed1ab_0
  - isort=5.13.2=pyhd8ed1ab_0
  - libexpat=2.6.2=h63175ca_0
  - libffi=3.4.2=h8ffe710_5
  - libsqlite=3.46.0=h2466b09_0
  - libzlib=1.3.1=h2466b09_1
  - markdown-it-py=3.0.0=pyhd8ed1ab_0
  - mccabe=0.7.0=pyhd8ed1ab_0
  - mdurl=0.1.2=pyhd8ed1ab_0
  - mypy=1.10.1=py312h4389bb4_0
  - mypy_extensions=1.0.0=pyha770c72_0
  - openssl=3.3.1=h2466b09_1
  - pbr=6.0.0=pyhd8ed1ab_0
  - pep8-naming=0.13.3=pyhd8ed1ab_0
  - pip=24.0=pyhd8ed1ab_0
  - psutil=6.0.0=py312h4389bb4_0
  - pycodestyle=2.12.0=pyhd8ed1ab_0
  - pydocstyle=6.3.0=pyhd8ed1ab_0
  - pyflakes=3.2.0=pyhd8ed1ab_0
  - pygments=2.18.0=pyhd8ed1ab_0
  - python=3.12.4=h889d299_0_cpython
  - python_abi=3.12=4_cp312
  - pyyaml=6.0.1=py312he70551f_1
  - restructuredtext_lint=1.4.0=pyhd8ed1ab_0
  - rich=13.7.1=pyhd8ed1ab_0
  - setuptools=70.1.1=pyhd8ed1ab_0
  - smmap=5.0.0=pyhd8ed1ab_0
  - snowballstemmer=2.2.0=pyhd8ed1ab_0
  - stevedore=5.2.0=pyhd8ed1ab_0
  - tk=8.6.13=h5226925_1
  - tomli=2.0.1=pyhd8ed1ab_0
  - typing_extensions=4.12.2=pyha770c72_0
  - tzdata=2024a=h0c530f3_0
  - ucrt=10.0.22621.0=h57928b3_0
  - vc=14.3=h8a93ad2_20
  - vc14_runtime=14.40.33810=ha82c5b3_20
  - vs2015_runtime=14.40.33810=h3bf8584_20
  - wemake-python-styleguide=0.19.2=pyhd8ed1ab_0
  - wheel=0.43.0=pyhd8ed1ab_1
  - xz=5.2.6=h8d14728_0
  - yaml=0.2.5=h8ffe710_2
